NAME: concorde7
TYPE: TSP
COMMENT: Generated by CCutil_writetsplib
COMMENT: Write called for by Concorde GUI
DIMENSION: 7
EDGE_WEIGHT_TYPE: EUC_2D
NODE_COORD_SECTION
1 87.951292 2.658162
2 33.466597 66.682943
3 91.778314 53.807184
4 20.526749 47.633290
5 9.006012 81.185339
6 20.032350 2.761925
7 77.181310 31.922361
8 87.951292 2.658162
9 33.466597 66.682943
10 91.778314 53.807184
11 20.526749 47.633290
12 9.006012 81.185339
13 20.032350 2.761925
14 77.181310 31.922361
15 87.951292 2.658162
16 33.466597 66.682943
17 91.778314 53.807184
18 20.526749 47.633290
19 9.006012 81.185339
20 20.032350 2.761925

